model
    pawn
        0.5 0.8
        0.2 0.2
        0.8 0.2
    end
    rook
        0.35 0.2
        0.65 0.2
        0.35 0.8
        0.65 0.8
    end
    knight
        0.1 0.7
        0.5 0.9
        0.9 0.5
        0.5 0.6
        0.2 0.2
        0.9 0.5
        0.9 0.2
    end
    bishop
        0.5 0.9
        0.3 0.7
        0.7 0.7
        0.5 0.5
        0.5 0.5
        0.8 0.2
        0.2 0.2
    end
    queen
        0.5 0.9
        0.3 0.8
        0.7 0.8
        0.5 0.5
        0.5 0.6
        0.8 0.2
        0.2 0.2
    end
    king
        0.8 0.2
        0.2 0.2
        0.5 0.7
        0.5 0.7
        0.3 0.7
        0.3 0.9
        0.7 0.7
        0.7 0.9
    end
end
color
    board_w
        221
        221
        221
    end
    board_b
        34
        34
        34
    end
    piece_w
        232
        167
        120
    end
    piece_b
        108
        57
        20
    end
    delta
        50
        0
        -50
    end
end
